331 INDEX

011001. (01100111) 1111101010 00, 211,
110. 000, 000, 011, 110 ; 11, 01.

-— willelmus, 367, 368.

-— Alexandri 1011010, 366.

-101111110 2101111368.

0011011, vide 0110111111, (00110111) 1101101-
1110163103.

-10111110100, 106, 107, 163, 161.
231, 232, 233, 231.

- David, 301.

- 11111011111100, 116, 121, 1351112.
1111111111111,111111101101.
202, 201, 206, 221, 227, 213, 303, 301.
305; 11., 294, 295, 200.

-11101111 205, 206, 221, 221, 223,
236, 305, 312.

—- 0111101110 110, 266.

-—- Alexander, 261, 266, 236, 300.

00111101, (0011111011) 1011011110, 222 ; 11.,
2011, 275.

cambuskynnotllnbbnsde,nemean„3011.

Campo, lohannes 00, 266.

01101110 0000 01110001011,Τ1011101, 260, 263.

00111111, 1110111111, 301. 333, 338, 336;
11, 100.

00101011, 11.

001010, 1011111110, 361.

0011111, Simon, 326.

00110111, (00111111) 101110, 117.

0111111 00 1111110, nobem 111.

-· 1111110111, 11, 281.

00111110, 1110101111, 11, 2711.

00111010, ’11101100 00, 72.

0011011, 1011011111, 366.

001101, (0011011, 01101) 1011111111, 201 ;
11., 162, 203, 211.

011101, Alexander, 201; 11, 201, 213.

0111110, 1011011111, 222.

001111, (0111111) 001101 00, 1011011οι Se·
1101001111 scocie, 101101101, 112, 114.
129, 137, 133136, 146, 161, 333.

01111, 0101011, 245.

3061001111100101 11101001 13.

00110111(011111οα,0011110,)101101,11010-
1111, 106.

-001101, Georgius, Adminllus regul.
260.

- 1011011101, 301.

0010111110011111 11, 112

0011, 0101110111, 11, 211.

01111111, 1111111011, 11, 266.

0110111111, Pauidus, 268, 266.

0110111111, willelmus, 61.

- Thomu, 386.

- 0101011111, 216.

0111101010, 0011100, 10, 11. ·

- 0101100146, 11.

-- 110111010110.

0110111111,(011011111,)101111 01, 214, 421.
111101, 11.,111,111,.110.

- Thomu, 361, 3631 11., 2011, 211.

- 6310111111111.

-- 010101001, 310, 320, 331.

- 1110111310, 3411 11., 223.

- 11101001, 11., 303.

—- 110010, 340, 342, 344.

—- (1111011111, 321, 342.

-— 1111110111, 316.

0011((1110111,011010,011111,)10110111111,
1., 223.

-- 1101111110 11ορ101010 10, 110101 et
lilim, 31, 1³5, 141, 112, 113, 168, 221.

 

