940 INDEX

1111010,.10001>111, 285.
30300100 pap& 2283 ΙΙ, 151, 155,
156.

11001000, 3011001100, 375.

- Alexander, 313.

3101101, 1011001100 30, 20.

30101, nobem, 322.

11110ομ4113ωο, 11.. 224.

Faber, Amnius, 116.

10100001, (1011000010) 1110100100, 339.

..- David, 311.

1101011013, 15.

3010030130, 1111013313.

1000111101ωο, Ser 3101003101, 249, 339.

-- 1101011, 249.

1100111300. 30, 51.

-10100000 3531 11, 33, 93, 219,
mmmm

10101101, filiu· 30, 55.

1103001110, justiciarius regis, 11.

101100, (011111,)1)1110 30, 119.

- 1100010 111001003010, 113.

3010003110013100, 11„ 191.

1010010. (Fertor, Ἑο010010,)11111101111110
383.

-1000300 333.

- 30111000 11, 253.

1103300000, 311010, 339.

- 31000300 312.

- 1110000301, 314.

-101100000 314.

11101000 filim 13000110, 113.

110ομ101ιο 01, 345.

nudandum?-

Flemyng, (1100005) liebertus, 1101010110,
330, 331.

-- (1111101100, 34.

—QO

1110011010, 1111000100, 11., 33.

- 31031000, 313 3 11, 334.

- 1011110000 3331 11, 139, 311, 225.

11011300, 1103110100, ΙΙ, 213.

Foderinghnme, willelmus, 314, 315.

- 110000οἎ 314.

-- 1111111010.

- 110113, junior, 315.

110101, 11101101000110, 333.

Fontibus, 1101101100 30, 11, 333.

3011010, 3010100010001100, 232.

-30011100101100000, 113, 133, 335.

--3011110003111011000 11, 33.

-1101010001110100300 213, 229, 321.
343, 344, 333, 335, 333, 3311 IL, 141.

- 1013 Anbar, 323.

- 30011000 30, 243, 349, 359 ; 11.. 193.

- menda 111, 100,101,100,101.
mmmmmmfflmma
mmmmmmmmmm

-- 11111101οι00 30 1100001111, 2211, 294.
454.

- 1331010100, 01001100, 393, 331.

- 3100, 30 11000013] 01 110 30101180.
253, 313, 311, 313, 3311 11, 153.

- 5011011000 30 munga, 454.

- 1110010111 1010011000, 131, 242,
294, 343, 341, 337, 3911 11, 239,
353.

—- 1101111010, 334, 3431 11, 330.

- nomae, 243.

-- 31000030, 331 ; 11, 253.

 

