¹374 INDEX

&mmmmm

80100110100100,108,110, 111, 174.

8010110080(8010-00010,) tem 80, 100,
ωηωηωωωηω,
mm

— molendinum 80, 108, 110, 111,
mmm ’

rotha 293, 3853 ΙΙ., 151, 154.

- 0001001080, 1930 ΙΙ., 51, 55, 50,
stwwmfflmm

- 10000 80, 187, 148.

8008γο (8008000)0001001080,19, 74, 75,
81, 98, 970, 879, 984, 409; 11, 59,
88, 87, 150.

800100, 9, 4, 8, 79; ΙΙ., 279. ,

- 0100000010000 80, 111.

80030, 00010010 80, 13; ΙΙ., 53, 55.

8000100, 11„ 53, 58.

8000000, 11, 53.

80011, 0000 80, 45, 89, 79, 141.

80000000, 11.. 174.

8000111011, tem de, 100.

8001001οι100, (8001000010) 1000080, 55,

57.

800), (8010, 80100, 800100, 801010.) 111 ,
259, 189, 819, 859, 410, 411, 411,
mmmmwmwmmm
210, 212, 117, 228, 294.

-- 10111, tem 80, 189, 190.

- myre, 900.

-mmm

Fotyn, 01000 80, 11, 279109, 183.

8000000, (8000000) 11, 82, 58, 80, 95,
97, 108.

8000110110, 1008 01, 449.

8000010, 11, 109, 304.

’ ’ 8000010000, 910.

808000, 1008001, 918.

80110010, 10.

8000011, 52, 50, 278.

8γ10011), vide Philonh.

Fyngen, 10ηο 80, 445.

80010000,(80100)0, Fynlnter‚)'tem 80,
00οΜΜΜΜ

11γο3003, (8000008) 130, 191, 192, 454.

11000 (910008.) 9·

- 01ωο 80, 43.

- 0100010 80, 21 ; ΙΙ., 59, 55.

800), (8000, 80010) 50, 9583 11, 00.
95, 17, 108,150.

- 00010010 80, 11 ; 11, 59, 50.

’ - 1000110108. Petri 80, 224, 215, 110,

217, 228.

(10100011, (1101001010, (1010100011, 00101001.
0010010011) 0000110 00, 940.

-- tem de, 90, 91, 92, 94, 99, 188.
197, 198,111,970; IL, 87, 99, 109.
Qmm

(1011001010, tem de, 991.

(1010)·8100010 0000000100, 11, 51.

(1000000, 0001001080, 113 11, 59, 50.

oudinet 00 3050, 000110, 905.

(100101, via 80, 111.

eulogia, 03.

(10000011), ΙΙ., 281.

oum ιι, 00.
ema, 00.

04000000000000000)
9, 88, 87, 02, 88, 81, 187, 188, 207,
208, 212, 210, 212, 248, 288, 258,

 

