368 INDEX

93931333, 977.
93933333, 247.
9393331333, 13193 31, 249.
93933931113, 9, 11.
93913333, 22.
3331333133 11, 33.
9393333313, 12, 978.
93933139, molendinum 93, 299, 294.
’113133 (313133 131, 111, 113, 331,
331, 333, 333, 331, 333, 331, 333,
9973 IL, 192.
939333, 31333313 93, 94.
93913393, 13333 93, 229.
9393113113, 84.
9331313, (93331313, 93313113) 973.
9331313-9339, 449.
9333319311, 997.
93333, 298.
93193113, 333333 93, 994.
9393391339, 299.
91111333, 249, 249.
9339139333 13133 93, 992.
9339133333, 999.
9339133333, 999.
93391393393339, 998, 424, 444.
933913313193311131333) 1331393, 271,
272, 279, 274, 275, 279, 2801 Il„
199.
-- 31113 93, 279, 274.
9339133913, 249, 299.
933913339331, 13133 93, 498.

93391333, 979, 449.
933933333, 13313 93, 422.
93393311, 998.
9339333331, 13333 93, 492.

9339339333, 13333 93, 292, 299.

9339193313, 977.

9339939313 (9331139313) 972, 979
449.

93399319133, 999, 491.

933913ρὶ1913, 977.

9339331939(9339133131,) 973 11, 294,
1113113113.

9319333ςοί93 9333. '

933313,129,192, 199311, 129, 124.

9333, 9333313 93, 2193 11, 149.

9331313, 11,994.

9311131931, 9, 84.

9393393333, (9393311333, 93931133, 9319-
3933 9393339313) tem 93, 199111,
199, 174, 179, 977.

931931933, 97, 997.

9319313, 99, 997.

931931313133, (9319393313133) 9, 94.

9311393, (9311339991) 93 nnn, 13133 93,
12, 974.

9311333, 93 93333, tem 93, 12, 972, 979.
444.

93193133, lt, 94, 99, 212, 294.

-- tem de, 31, 33 31, 79, 33, 133,
133, 131, 133, 333, 433 3 11„ 33, 33,
56, ⁶5· 71, 79177, ⁹⁴· 9⁰2 ¹⁰7· 135.
292.

- ecclei· 93, 9, 7, 979.

- 9313133, 999.

—-· 931331 959.

9313393, 999.

 

