NOMINUM.

Chen, 11311131113, 11,, 278.

—-· (13111111 13, 11, Il., 277.

—- 11131111111113, 47.

—- 1311111131, 2211 11, 216, 220.

0113131113, (01131111,) Willelmue, 4081

ll.. 210, 215, 223.

0131111313, Georgius, 260.

011131, J 31111111, 165.

- Alexander, 11,, 203.

- 0331111111, 203.

0111,.13113111131, 234, 237, 244, 252, 253,
268, 273, 274, 275, 276, 277, 278,
279, 280, 3021 11,, 67, 68,99,109,
111, 113, 111, 113, 111, 1113, 113,
131, 131.

—- 0111311111, 239, 255, 266, 276, 2601

11,, 113.

— 1113111111, 274.

- 10111311, 361.

- 1133131113,11.,146.

’ -- 1311111131, 11,,111.

—- Ρ1313111111111113, 11, 32, 169, 171.

01311311 pepe 111, 11, 149.

- pepe v1.‚ 124, 131, 132, 141, 163,

111, 111, 111, 11ο, 111, 131.

- pepe Vll, 11,, 151, 258.

01311311, (013111) 1311111131, 223, 245,
300, 304.

-- Thomas, 297, 296, 237.

-- 11331111, 294, 295.

- David, 245.

-- 1131131111, 340.

-- Petrick, 441.

- Andro, 443.

-· Melle, 234, 295.

-- Thomu, 2321 11, 233, 297.

01111, Alexander, 11, 303.

—- 1111111, 11,, 232.

' — Wlllelmne,ll.‚ 233.
03311111131311111131, 360.
031111111311131131311111113, 11,, 32, 1611.
03111111 «1313131311, 11131, ll.‚ 288.

03111313, Devid, 239, 301, 3131 ll., 302.

- lohannes, 113, 113, 331, 333, 331,
13ο; 11.,111,133, 131, 131, 3111.
302.

Colle, 0331111111, 256.

031111131313, 1111111111, 165.

0313111131111131 (13, 172.

0311, Thomas, 277.

03111113, ’1113111113 169.

0311131131231111, 11, 127.

03111113, (01111113, 0111111101111111113.)
331131 ‹le Buchen, 1111013111.

-- willelmae, 3, 13, 141 11,, 203,
277.

-131111131 53, 3871 ll., 1111, 213.
225, 319.

- 1113111111, miles, 11,, 267, 2113.

-- 03131134.

0311131113,(011,111311111,) Thomas, 233.

-- 1131131111, 253.

03131, 1111311111, ll., 324.

0311131131, 33131111, 341.

conlui, 1111311111 de, 133.

03111111, soh-nne· de, 11,, 53.

0311113,(0111111, 01111113) 1311111131 «le.
216, 332, 336, 3501 ll., 213.

— Alexander, 311, 315, 333, 337 1 ll.,
67,103, 160.

- 33111111, 3001 ll., 224.

- 1131113111, 305.

 

