NOMINUM.

Duncenue, 111111 Helene, 28.

nundus, (1111111111111111111111 1111111111,
11.,111.

Dunkeld, 1111111111 de, 72.

Dunleldensie episeopus, Huge, 12.

-— episeopus, willelmus, 15.

-- epiecopus, 1111111111, 112, 129, 138,
155, 156.

- episeopus, 11111111, 285.

Ilm-neg, (1111111111, 11., 288.

111111111118111111111, 11, 130,131, 157,

158.

11111111, 2111111872.
1))’131111111111111 11., 251.

111111, 1111111111, 219, 250.

Echio, 1111111111, 375.

8111181111111111111, 333.

11111111, Andro, 112.

8111111811 cancellarius, 4, 7, 15.

- capellanus, 11., 288.

—- eanonicus, 11., 288.

8111111111, (1111111111, 11111111, 11811111)
Τ111111111,115, 182, 188, 195, 227,
111,111,111,111,171,111,111,111,
298 3 11., 68, 91, 181, 142, 145,158,
111, 111, 111.

- 1111111111, 11, 11, 11.,111.

- 1311111, 285.

- 1111111111,11, 285.

-111111111111111111111111,
111111111111, 11,11,1ο1,111,
284, 288.

... 1113111, 11.,111, 111, 111.
-·- He111ie1111le, 113.

1111111111, Adam, 202.

Elmyeley, willelmus de, 51.

Elphinstone, lohannes, 318, 331, 332,
111, 111 ; 11, 212.

mmmmmmmm
889, 890, 891, 888.

-- ssebertus, ³54, 888, 887, 891 3 11.,
251.

- WillelmuS, 888, 881, 888, 899,
111 ; 11, 214, 111, 111, 111, 111.

-- (lominus Alexander, 383.

-- Alexander, 282; 11., 251.

Endeoeht, 1118111111, 11., 212.

81111111, 5111111111, 218.

111111, 1111111111, 1811111111331, 458.

—- comede, Georgius, 158.

Emkyne, (Irelyne, 1111111) 1111111111 111,
miles, 80, 111, 129, 399.

- 11, 111.

-- Robertue, decenus, 11, 192, 3111,
819.

-- Alanus de, de Inchmertyn, 183.

-- 1111111111, 259.

-1111111111811111111 100, 102, 1011.

- dominu· 21111111, 259,280; 11., 288.

-— Κ111111111,122.

Eeilmontht, dominu· de, 11., 213.

811111, (8111,111111,81111,)811111 de, 211.

-- 1881111111298.

-- 1111111111, 22, 111, 111, 111,
11., 281.

—- 1111111111, 278, 278, 2851 11.,
11, 11.

-- 11111111111111, 113.

-1111111111, 189 3 11, 285.

—- 1181111, 283 5 11., 98.

 

