880 INDEX

Ρο11111122,(Ρο111211211, 1111111121) terra
(11, 83 ; ΙΙ, 273, 274.

Petbmnlwhy, (1211121111112111 11, 02,
κω

Petnabrungnne, 357.

11111211, 11111111, 251.

1211121111, (22112122) 5, 84.

12111111, tetrade, 456.

Petteway, 369, 421.

Petynbruyan, (Petnabruynnn,) 55, 58,
161.

2111111212, (121111111111) 58, 358.

Ρ11112111, (mortha 1112111 de, 277,
278.

-· ecelesia de, 78, 77, 73, 00, 100, 101,
380; 11, 53, 56, 66, 71, 94, 97, 107,
222221.

Pittolly, 122112 of, 247.

Poleryk, 12111 de, 253.

Polgowny, (Pnlgoueny) piscaria de, 11,
39.

- pons de, 221 ; 11, 234.
Ρ211111211211, 43.

1111111111, 11112111, 233.

12121211, piscaria de, 354.

1111112111, 1211111111, 25; 11, 53, 55.
-- villa de, 25.

Μωψω
1211211111111111112, 30, 31.

0111111 12111, 11, 231.

(11111111121, 433.

0211111112, 445.

02112111ρί1, 11,, 274.

111111, (111112) 80, 88, 117, 131, 164,

lmffimmmwmm
211, 224, 221, 221, 111, 11, 141,
111, 122, 212.

Bane, 111111, 370, 438, 430, 441, 442, 443,
444.

— 12111211221, 386, 451.

-- 2221211112, 6, 71 11, 40, 54, 55.

-1111112111 21, 420, 455.

-— new, 420, 435.

-—- 12111141 de, 4, 7, 8, 1118, 175, 202,
211, 211, 442. 111, 11, 121.

- tetrade, 10.

- 11111 de, 6, 85.

8111111111, (11211111112111,)11112111 11,
24; 11, 54, 55.

Raty, 357.

81211112111111, 377.

keah-chus, 12111112, 11, 270.

1111112, 44.

1121112, 11 8112111111, 2122111811211 111111
11, 14.

- 11111112,14.

1112112111, 374.

11212126, 258, 350 ; 11.. 258, 201.

1121112211111,12212111, 11,, 5. 202.

11211221111111112111111, 11, 51.

8211221211, capella 111, 21.

112111, 1111111211 de, 288.

1121111111, (Romae, 8211111111.) 111
383.

- 11111111, 81153. 20, 22. 201. 222.
214, 215, 386, 428; 11, 152.

1111111121, 0.

1121112111, 261.

1121111111, (1111111, 1111111111, 1111111111,
1111111112, 1111111111, 11211121, 81111111.)

 

