L'OOORUM.

00101111, 390.

00101101, 354. ,

1111111, 01. 11111, 111. ,.

eolbyrny, 11111111, 349, 350, 357. -

0011111111, 107.

00111, 309, vide Kolly.

eollystoun, (Goliam) 111111 01, 977, 985,
mmmmm

001ρὶ1, 31.

0010011, (00110111) 111111 01, 948ς 11.,
974.

00111011, (0011111111, 0011111111) 55, 58,
73,100.

0011311101, 991.

001011, 1011111111, 43, 57, 160.

0011113, 377. , , , .

0010111011, 1111101, 87, 88, 135.

00111, 377.

Corquhomy, (coiquhomyo 11111 01, 909,
mmmn

conley, 947.

00111101, 11., 195.

0011101111, burn 01, 948.

0011111111, town of, 439.

00101001311, 1011111101, 309.

0001101011) 1111111111 3 11, 995.

001101, lande 01, 944.

conl, 11, 52, 05.

00111, 1011011 01, 909.

0011110111, 375.

0011101101, 945, 948.

001111, 57, 357, 9481 ,11., 53, 94..

coventre, 11, 100. ·

00],01001, 308.

01101111, 1111101, 459.

0110111011, 358.

01118 de Glentrethy, 44.

011311 Κ111, crofta 01, 305Ῐ

0111111111, 010111101011, 409, 418.

0111310111, (0111811011) 3541 11., 995.

Omgnnthybo, 44.

0111311, 1111, 430.

- 111111, 430.

0111111010, (0111111011, 0110111011) 351,
mffimQstQQmm,
954.

0111111, 01011, 455.

0117111111, 59, 55.

01011111, 11, 09.

, 01011011, (Crudum) 1001111101, 85, 3793

0110010

cquis, (cvm) 11111, croft, 110, 411,
497 ,· 11., 901, 911, 913, 999, 998.

01111111-1111111, 11, 910,

0111111111, 11., 987.

0111011010,11)’111101 01, 430.

0111111111, ecclesis 111, 951 11., 54, 55.

011111, 011111, 947 3 11., 54, 50, 971, 988,
989.

-—- domus 01, 989.

cupro, monasterium 01, 491 11, 196.

01101011, 11., 59, 55.

0111111011, 11110101, 454.

1111100101, (1111111101, 1111111101, Dum·
111011, 1111111111, 1111110001) 11, 955.
- ecclesi· 01, 3, 35, 380 3 11, 54, 88,

71, 90, 107, 953.
Ὶ--11111111101111111141
940, 971 3 11., 94, 159.

 

