NOMINUM. 341

&mmmmwwwffi
m ,

- prebenduriur de, 11, 75, 170.

- 16616166, 11., 171.

- rector de, Alexander, 11., 168.

-— Georgius, 11., 324.

16161, (161161,)Α66166166, 194 3 11., 300.
—- 01116166 66, 89, 1091 11., 61.
161611, Thomas de, 11, 316.

1611161, (1611661,16111616,16161161, 116-
uter, 16111616, 11661616) Adam, de
Liberten 61 66 0661611166, 142, 143,
171, 173, 191, 192, 199, 201; 11., 151,
204.

-16166661, 66 Cerstorl'yue, 161166,
mmmmmmm
mmmnmmm

-- 11616116, 216, 227, 234, 236 3 Il,
192159.

- 166116161, 1821 11., 141.

16111111, 1111616166, 11., 97.

- sir lehune, 386.

- 16166661, 11., 298.

-- 1161111661, 11., 112, 254.

1619, Laurentius de, 189,190; 11., 151.

- 116116 66, 73.

-- Willelmue, 11, 234.

1611161166, 1161161116, 268, 276, 277 3 11.
68, 91.

1611111, 16111661, 11., 300.

- 1666161, 11., 316.

- Alexander, 11, 316.

116161, (116161, 1111166) Alex, 611166, 66
Fylortlr, 45, 46, 167, 169, 174,176,
273 3 11., 282.

-- simon, 11., 273.

116661, 16166666, 66 l'erglen, 142, 143.
mfflm

-— Alexander, 11., 211, 225.

-11661666606166166, 176 ; 11.. 282.

-1666166 276, 278.

- Alexander, de 1161111, 328.

—- 1116616666 1166616611, 11., 267388.

11616111,(116161,)111116161116,244,205; 11.,
216.

1161111, Laurentius, 165.

- 6661666165.

11616116, 16166666166.

16166 decenus, 65.

11116616161, 16166661, 11.,194.

16111,16166666, 11., 61.

1611161, 6661611666, 219, 221, 236.

-- Almus de, 219, 220, 221, 235. 236 ;
mmmmmmm

Fyrlrer, (116161, 16611611,1Μ1111666 254.
256.

- 111161666611, 256.

—- 1116616111, 254.

- 16166661, 305, 310; 11. 295. 2911.

- 616116116322.

—- 6361616666.

Pyle, (eyn) 661666 66, 1166661161. 15. 61.
64, 65.

-- comendo, 1161161166, Dux Albunie 61
66666661111611,112,114.129. 163.

- 6611166 66, 1161161166, corner 66 11611-
reth, 200, 400; 11., 286.

- 161116166, 916.

- ,16166666 66, 252, 254. 258. 259,
266 3 11, 297.

- Andrus, 244, 274, 276, 277, 319.

- Thomu 616 611, eos, 611, ere.

 

