LOOORUM.

Kynnerny, 0001001000, 20.

111101, 00, 00, ⁵7, 01, 104100104,
127, 128, 150, 100, 240, 303, 304,
321, 340, 341, 343, 344, 340, 347,
001, 000, 421,- 11, 01, 100. 010, 004,
220, 220, 230.

- mtr- 00, 410.

- hospital 01, 454.

11001010οο0, IL, 202.

Κγο00101, (1100100100) tem, 200, 201.

Kyrkton, 00010010 00, 4, 70 11, 00, 48,
120. ·

1003100010 croscum 00, 254, 255311,
201.

nnumin, 04111 10000, 010, 400, 400,
11, 001.

140001110ογ, 077.

0140010, tm 04, 400, 401, 400.

1010100010, 000.

10000000, 00110 00, 200.

1400111310,01,00;11., 000, 000, 004.

11001000, 11,, 202.

1000000110, (1100000010) 240, 000, 421.

10100110, 01110 00, 251.

10011, 0001001000, 25 3 11, 54, 55.

m, 101.

11001110ογ, tem de, 270, 270, 2000 IL,
102.

- vm· 00, 277.

11017011ᾳο01, (1470110010) 0043 11, 000,
311, 310.

111011-111010001000010, 00000 00, 277, 270,
270.
vol.. 11.

50

1100000101, 00010, 210.

10010111, 52, 55.

1001111110, tem 00, 422, 450.

Logy, 1³⁴3 11.. 00, 00.

-- -11001100, 00010010 00, 05, 00, 07,
00, 10, 070, 004; 11, 00, 00, 01, 00,
00, 100140, 100.

- -1101, 0001001000, 10, 307, 300,
awmmmemm
150.

- -1100110100, (1111111000) 10 1100, ec·
010010 00, 10 ,· 11, 52, 55.

1100011101ᾶί0 tem, 11, 001.

1100000, 11, 273.

11000011, 10000 01, 050, 407.

Lugdunum, 21 3 11, 00, 201.

10000110, (1000010) monasterium 00,
100, 400.

1411010000, 8³3 11,, 52.

- 100110 00, 11, 274.

1100010, 11,, 50, 50.

100010,(1001010,10011001,) 11, 50, 50,
00, 71, 04, 00, 107, 202, 204.

1001010004 (1000000010 term
040, 040.

10011000, 0011010000 01, 245.

11000000010011, (1.0]ογ0οο0001, 1000010-
00010, 1400000010) 00100 00, 00, 50, 00,
00, 00, 001, 000, 011, 010, 000, 400,
444, 11,, 152.

11011000Ιο011, (110000100011010010100110)
40, 1, 0, 04, 404, 440 ; 11, 100.
1101703000, 000.

 

