330 INDEX

Alexandersonn, 1313, 441.

3113131, Ρ311131113,313.

1111111113331311133 113, Alexander, 37, 57.

3131133133, 11, 133, 155.

31111111, (331111113113111333333, 331 ; 11.,
373, 331.

3333113113, 11., 133, 155.

31131311, Andrean, 335, 301, 339, 333,
333.

1133113133, (Audin-utone, 1133313333)
3311111331 33, 330, 333, 333, 443, 453.

- Alexander, 333, 303.

-. 3131131333, 333.

- Andro, 443; 11., 333.

—-· 113331331, 333, 373.

-- 1111311333, 340.

- 311113133373.

- 1131111333, 373.

- 111113, 373, 337, 437 3 11., 333.

-- 1131131131, 3301 11, 333.

-ι- Willelmun, 331 , 333, 333, 340, 343.
344, 333, 11., 313, 317, 333.

Andreas, capellanus, 133 11., 375, 310.

-31311333, 303.

-- 111133 niardi, 135.

- 111113 11013111, 333, 393, 331.

- filiun Mychnnl, 135.

- filiu· 1131133111, 303.

-·- 111133 11131131, 135.

- 1131133133 31331113, 13.

Andron, Alexander, 355, 353, 333.

- 11111131331111, 11., 375.

-1311111333,311, 313, 3331 11., 139,
133, 137,153.

- Thou-s, 330, 305, 310.

- willelmus, 301 ; 11., 331, 394.

Andron, 1111331331, 375.

- David, 11., 300.

Α3331113113,(33331133,)11131311,331,333.

- 1311131133, 333, 333.

Angun 331333 33, 313111111111113, 11., 300.

- come· de, (11111113, 13.

33331133, 111133 1113111131, 54, 33, 30.

·-·- 11133 13113119, 330.

Aquino, (33313113) 1113133133, 11., 133.
133, 153.

Argyle, (1113113) nomen 33, colinus, 331,
394, 333.

- 331333333131111113111, 343; 11.. 300.

1111113131, numu, 11., 333.

3131311331, (1111131131, 11., 53.

And, 31131311 33, 47.

1111113111, 1311113, 337 ; 11, 313.

Athone, Auolie (1311131, J 3111111133, 453.

- My 11311131, 343.

-- 3111 31, 350.

1111111, lohannes, 359.

1111113, Andrean, 333.

31113133, willelmus, 334, 333.

33333333311, 138, 155.

1131111131,111111333, 11., 373, 330.

-- 1311131133, 11., 335.

11111ηῂ (113113, May.) 11131311. 340.
341 ; 11., 339.

-111111311311, 301.

,1311113113311113133 333.

11113111οΜ 11., 33, 33.

33333113 33131133, 11331311, 331, 394.

1111111113, sobmon 111.
3111113311,(11111133311, 3111333111, nn.

 

