350 INDEX

Lyndeoey, 113111 13, 3311133 Ο1311111113ς
(311301311111113.)

— 1313111133113 33133, 265, 266.

- Alexander, 1313113111, 206, 331,
341, 6661 11., 61, 225.

-1311111, 333, 3311331, 311, 313,
349, 347, 354, 392, 393, 369, 419,
436, 459; 11., 99, 112, 191, 219, 229.

...- 1131133413.

—-· 11311113, 11, 269.

111131330133, 11, 255.

11113111, 1131111333, 312, 613.

1133, (13311113 1333133, 211; 11., 140,
202, 216.

-—- Alexander, 11, 161.

- 13333113, (baur, 1311113) 111313-
1111, 11, 111, 133, 137.

11131311, 1133331133, 12.
1113311311, 11111333, 60.
1133131331, 1111311113, 306.

. 1131111131331133, 13.
1131131333, 1133311131, 250.

1131311ωὰ313, Patricius 366.

..- 3113113333.

11311ςί11313, 1131331333, 366.

- 1311111333, 266.

11311πί11131, 1133113333611 11, 66.

1131111333, 113111, 364.

1131311111, (113131113, udam, 113131111,
11311113, 11311111) (1311111113 113, 10,
11.

-- Anam· 113, 61.

- Gregorius 13, 16, 11 .

...3.13, 133.

1131311113, 13131333 13, 13 11311311131111,
30, 34, 256, 216, 215, 266.
- 1133331133, 41.

-- 113ςί113111, 11, 261.
-1111113, 11, 260, 261.

1131331333, 133, 250, 251 ; 11., 125, 246,
247.

-1031 Ῑν1314171 81 ⁹2 1²3 111
125.

- 1111113 33311111113333111, 10.

- 111133 1131131111, 11.

- filius 1111131311, 13.

111133133311, 1133133, 360.

11311331, 1111313111.

11311113313331111,65.

-111133 33311113 1311311, 14.

1131133113, (1131111111, 1131113333, 111111·
33333).1111331131, 11., 226, 234.

- eilbertus, 11., 226.

-- 1131331331, 166.

-- Agna, 326.

-- Gilbert, 661 ; 11, 226.

-1313111133,11.,99,99,114,199,211.
226, 234.

-- 11313133, 11., 66.

1131111313, pennu 13 Tm, 13.

1131111111, oum 366.

1133118313, windam 13, 11, 130, 156.

111113133113111 13, 11., 261.

111111,ὼὰ13, 442.

-1311, 111.

11131331, Thou 201, 216.

 

