NOMINUM. 343

010000010001000000, 11011000, ΙΙ., 288.

-··- 01011110ωο00, 1101011110, lL, 264.

01001030,110101111010,37 5 ΙΙ., 273.

0100101, 1101100110 10, 217, 254.

-— 11000010, 001, 001, 100.

010000, 1101001100 331.

-— 3030010011, 217.

0100100ογ00, Adam 10, 160.

01001000, Augus, 234; ΙΙ, 203, 234.

- Anno, ΙΙ, 203.

0100111οη110, (0100010101οῃ 1101100110,
010, 00ος ΙΙ., 000.

- 100010, 11, 230.

-10100000, IL, 230.

0011010111(000110010111,) 10100000, 223.

- 21101000, 321.

- Alexander, 11, 310.

0001010100000, ΙΙ., 232, 233.

001100, (00110000) 1010100010, 000100 10
11001110, vide 11001110.

- 1010100010,110100101801000000100
110 11001110, 0110 11001110.

- 10100000, miles, 112, 173, 137,133,
200, 246.

- 000100 01, 250.

-10000, 010, 100.

-1100, 011, 010, 010, 001, 000,
mmmmmmm

- Georgius, 420, 431, 444.

-- Alexander, 352, 433, 445, 453.

-- 2011101110, 352, 422, 433.

-- 1011110000 368, 363, 4321 11, 211,
212, 213, 224, 226, 282.

-10001110 443, 458 3 11, 112, 254.

-10001100 10 11011001, 432.

-- willelmus 10 010100, 433.

.-·- william, 443.

0011001111101100010, 11, 284.

0011000, lohannes, 11., 113.

001110, Laurentius 10, 203.

010010, Patricius, 1οΚ11100111’110,201.

0101101, Τ101000 10, 53.

-— Willelmus, 277.

0100,(010,>.101100000, 153, 201, 230,
255 3 IL, 236.

—— 111001, 166.

- willelmus, 283.

-10011000 11011000, 3241 11, 303.

- Thomas, 285, 302, 312.

- Alexander, 11.‚ 133, 254, 303.

- 110101100, IL, 227.

01001110νο1, (0101100111) 1110110110, ll..
070001.

01010, lohannes, 185.

- 110111, 347.

Gregorius papa, ΙΙ, 130, 155.

- 00ρο XL, 11, 122, 201.

0100000, 10100000, 11, 312, 313.

01000, 1101011110, 380. ,

- 00001100, 301.

01100, 10100000, 334.

0110100, (01001001,)011101111010, 172,
173, 175, 176.

--101100000 11, 232.

0100100011, 00311100 177.

011110 10100000, 11, 113.

0011011, (001110, 0111111111, 0111101100.)
1101001011ιο 10, 172.

-11010 101, 001, 001.

-—- 1011011000, 235, 313, 3141 11, 323.

110110, Adam, 183.
1101100001, Alanus 10, 185.

 

