NOMINUM. 349

Logan, Willelmue, 11,, 318.
1111111, David de, ΙΙ., 273.
1111111181, (1111111181) 11111111 de,

202.

—- 88111 81, 277.

langele, 1111111811, ΙΙ., 278.

111111111111 81, 214.

1118111111, 01111111 ΙΙ., 275.

11111111111111, ΙΙ., 284, 285, 288.

-— Robertue, 11, 284, 285.

Lucillus, 11,, 111, 111.

1113811, willelmus, 11,, 233.

1111111811,(1111118111).111111111181,
85, 68.

- 1111111111, 433; ΙΙ., 322, 323.

- 11111181, 88.

-- 1111111111 459.

- Georgius, 329, 348.

Lundy, (Londy,) 8111111818111111,
348; 11, 306.

1111181111, (11181111) 11111 de, 1111111,
20.

- 11111118 11, 385.

- 11111 81, 1711111111, 211.

- 111118111111111, 281, 430.

-- 1111111, Η1111,388.

- 1111181, 20, 23, 24, 25,· 11,, 283.

—- 1111111111, 11,, 235.

11111111,11111181, ΙΙ., 148.

-ι- prebendam· de, 11,, 188, 179, 171.

Lude, Wlllelmne, 305.

1111111, 1111111111, 288.

1111111111, (11111111, 11111111. 1111111111,

· Lyehten, 1111111111) 1111111111 81, 183,
188.

- 11111181, 182, 241 ; 11,,111.

, 11111111, Alexander, prior de 1111111111,

220, 228.

-- 11111111111,111,111,111,111,
268, 276, 277, 283, 284, 285, 238,
111, 111, 111, 111, 111, 111, 111 ;
11,,11, 11, 11, 111, 111, 111, 111,
111, 111, 111, 111.

-- 1111111111 81, 2413 11. 67, 200,
208. “

—- 1111111111, 11111111111111111111111 11
111181111111, (quoe vide.)

— Alexander, 1111111111, 272.

- 11118111, 111111, 111.

- David, 283.

- 311111 de, 11,, 144,181, 187, 172.

1118111, 8111111181, 177.

-—- 111111111148.

- Willelmue de, 104, 105, 298.

— 11111111, 221 3 ΙΙ., 294, 285.

-— 71111111 298.

11181111,(1)·181113111181111171.81,10. “

- 1111111811111181011111118112, ’

111, 111, 111, 111, 111, 111, 111 ;
11,111.

- 1111111111, 347, 373, 398.

- Alexander de, 112, 227, 232, 331,
334, 455; 11,, 210.

- 8111111181181333, 337, 348.

--· willelmus de, 188, 189.

-11111111, 8181111111, 273, 274,
278, 277, 278.

- 21111111, 281.

-- lugeremus de, 237, 11, 88.

- demet, 11111111111111, 281.

- 1111111, 111111111118111111118111,
260, 201.

 

