372 INDEX

1111111, (11111111) 1111111111, 4, 3, 7, 8,
11111

- 1111111111, 452. ,

- 111111, 11, 111, 111111, 11,
123, 433.

1111111111111,11111111(11,39 ,·11., 52, 55.

1111111101(11111111)11
230.

1111111111, 11,, 299.

Damugelmde, 11111111, 303.

1111, 11111117, 12, 18, 45, 85, 229, 230,
247, 234, 330, 354, 353, 353, 359,
mmmmwffiffl
152, 274.

-- 111ςό111111, 395.

- 1111111111, 325.

- pom (11, 11,, 249, 233.

1111111111), umque 11111 de, 11, 290, 291.

1111111111, 11,, 279.

01111111πί1, tem, 423.

1111111101, 331, 371, 445.

1111161111) 3801 ΙΙ., 151, 252, 254.

-- 11111111 de, 11,, 40, 53, 50, 71, 94,
97,107.

- 1111111111111.

1111111111, 370.

11111111111111111, 11, 274.

11111111, 370.

1111, 1111111, 4, 5, 7, 8, 43, 84, 179,
127, 243, 233,· 11,, 321.

- ,11111111

01111, 11, 274.

11111111), 11,, 274.

111111, (11111, 11111) 158, 3573 11,
232. .

- dominium 111, 58.

11111111, (1111111) ΙΙ., 138, 173.
11111111, 111111, 30.

nrum, 271, 335. 347.

-- 1111111111, 52, 271.
1111111111, 357.

1111111111, 247.

1111ωᾶ111111, 247.

1111111111, 33.

’ 1111111111, (1111111111, 1111111111)

320, 359, 334, 335.

Drumgwedyl, 111111, 11111111, 11, 153.

1111111111, 251.

1111111111] do 31111, 12.

1111111111), 371.

1111111111, ΙΙ., 233.

1111111111, 11111111, 237.

1111111111, 377.

111111111ηά11, 377.

1111111, 377, 373, 445, 443.

1111111111, 77.

111111111111, (111111111111) 75, 400.

1111111111111 1111111111, 11, 51.

1111111111, 243.

1111111, 44, 159.

Dandum, 11, 274.

1111111Ιά1111· 1111111111, 11,, 51.

1111111111, (1111111111, 1111111, 1111-
111111,)11111111111,29; 11,, 52, 55,
125.

- 111111, 250.

- midde, 250.

. -111111,251.

11111111, 1111111111, 234.
11111111, (111111) 9. ,

-- 11111111, 353.

- 1111111111, 243 11, 53, 55.

 

