254 INDEX

11100101, Andreas, 272, 274.

1110010000 μμ V„ 250, 202.’
101ωο000000, 222.

Ν101001000, 200110, 201.

- 00οο00, 000.

- 50000000, 272 2273 11., 212, 222.
- 1100102270 ΙΙ, 212, 222.

Nory, willelmus, 217.

-- 110ῑο0100, 217.

- Tuom 00, 00, 000, 000, 000,
000, 000, 000.

010700, prebendarius 00, 11, 102, 170,171.

00010110, (001100, 0311100) 0001000, 1001-
101000, 58, 270 ; ΙΙ, 158, 100.
-- Mein· do, 221, 000.

- willelmus 00 8000100000, 270, 422.
- 1001000000, 010000001οψ222.

-- 5000000, 215, 222, 422 ; 11, 207,
228.

—- Alex„ 227, 270, 400, 410, 424,
422, 444 ; 11, 08.

- 000000000100100001000200.

- walum, 00 1100110000, 271, 272,
272, 274, 275, 2723 11., 147.

-— 50100000, 00 1000000000, 275.

- 1110100000, 00 1400100001, 224.

- 0101100000, 00 00000, 422.

-- soh-nna, 00 00100100, 422.

-- soh-unes 11, 254, 212.

- 000031001000.

Omont, Αο00000 00, 125.

- negiu-lau· 00, 11, 52, 222. “

0110100001, dominu 1000000100 224.

01100000, reete 00 109, 20.

- 100001, 11, 52.

0000010, 00000 willelmus, 201, 205.

0000000000, episeopus, 1101000100 450.

000100, 8100000, ΙΙ, 202.

00010001, (0001010001), 0001010010, 1100·
000001001011101000 00, 22, 102, 104,
070, 000, 000.

00000000, 101101010οι00, 201.

0110001000, Sym 00, 100, 107.

00100, Αο00, 11, 200.

000001, «lomim 010, 240.

Ome, prebendarius 00, 11.. 102. 170.
171.

2010000, David. 225.

201010, (Puni.) 1101100000, 214, 201, 222,
244.

Pdmumywfflfflnffldfflmyv) M·
001000 00, 25, 273 11.. 272, 201.

200100, Davi& 201.

- suom 000, 000. 000 ; 11, 220.

— 1011101000 220, 227, 2211, 2120 11 ..
220, 220.

-- 50100000 212.

Pap, 2100000011, 222.

pm, 1001100000, 105.

Patous. 0110000000, 172.

mm, 40100 01, 245.

20010100, 00000 12

-— 0000000, 200.

- filim willelmi, 202.

 

