376 INDEX

ψωηῆωηωηη
&mm

1111111111, munnio, 1111113111, 331,
mwwQOmm,
QOm

11111111, 37, 113, 343.

1111111111, (1111111111) 374, 373.

11111311, 174.

1111111111, tem, 337.

1111111111, 31.

111111111,(01111111,)1111111111111111, 330,
mm.

1111111311, 343.

Rege, (3111113333 11, 33, 53.

1111111311, 333, 434, 433.

Κ111111111111, (11111111111111, 11110111-
mund, 1111111111111,)11111111111, 33.
- 11111111,13,34,37,318;11,

54, 55, 377.
111111, 11 3111111, 11, 377.
111111131111111111111133.
1111111111, 333.
11111, 11111111 (11, 313.
- villule, 351.
KfflfflmffiQffiffim..
mmmm&
mande. 1111131, 333, 337.
1111111111,11111111111111 (11, 43.
..111111 111.
11111111, 301 11, 33, 33.
1111111111, tem 31, 333, 333 3 11, 333.
111111113111111, 11111 11, 347.
mam-k, 111, 111, 111.
3111111 1111111.

111111, 34.

1111111111, 33.

1111111111, 133.

Kylldmmy, (1111311111. nmmum
mmaemmmmmmm.

-— 11111111 de, 131, 103, 133, 334ς
QQQQQQQQQ
150.

1111111111,11., 33, 33. .

11111111111101111113111, 1111111111) 333.
111, 111111, 111,111,111; 11,11.
ἢπκηηωωωωω
334, 3311 373.

- 1111111 de, 330, 430.

- 1111111111, 333.

- 113111,11.,333. .

··.· -01111111,11,11,111; 11, 111
374.

- 11111ὸ3134.

- 1111111111, 334.

—- 1111111354.

1113111111111111, 111301 11, 53, 33.

1111131113,(11111111111,) 31, 103113.
m, 303, 303, 341, 343ς ll„ 53, 53.
30, 35, 33, 103.

111111111, 11111 de, 331.

1111111111, 13.

11111111, 13,13.

1111111, 33, 433, 437, 4331 11, 33, 35.
35, 71, 34, 37, 107, 113, 303, 353,
355.

1111111111 nm, 111
111111, 1111111111) 31 nm 4, 5. 7,
3, 13, 34, 373, 373. 434 3 11, 133.

31111131, 111111

11111111, (xm) 1111111 31, 103.

 

