348 · INDEX

lang, 1188811188, 190.

-- 1181111336.

Luk, willelmus de, 134.

188881, Willelmue de, 37.

Iamdiu, 8868111188, 11, 277.

1811888188118888888, 11,, 109.

——- archidiaconus, 11,, 286.

-- 61188 David, 11,, 283.

18818858188818, 234.

.- willelmus, 313.

- 86111116, 313 3 11,, 234.

-- Alexander, 355, 3323 11, 173.

11118681, 1181111188, 88188181188888118, 543
11,119.

leche, Willelmue 68, 105, 106.

11861181, Adam 68, 11, 283.

Leia, 1181181118, 266, 278, 286, 298, 299,
312, 3113 11,, 303.

1188 8888111, 73.

Lepet, Andreae, 139.

1881180161, 1188138) 8888118868, 34.

- 88111888 61, 222, 4483 11, 324. ¹

— Ρ111181, 3973 11,, 297.

- George, 438 3 11, 231.

- 1818888118, 444.

-- 1111111188868, 222, 235 3 11, 140,
218, 220, 238.

- 11118118,88118881113 11,, 211.

- 3811811181, 260, 261, 353.

- 68181888 de, 57.

- 8111888681, 258, 253, 230, 239, 270.

- 3811888816811811811888, 451, 455,
320.

- 8181881818, 68011118 200.

- 588818, 289.

- Georgius, 11,, 322.

188118, 118819, 444.

-- 8111818881. 6818811881, 11.. 320,

’ 321.

- (18118, 11, 298.

Loth, (Lethe, 1181111, hythe) 1881881181
de, 114, 111, 111 ; 11, 111, 111, 118.

-- Patricius, 68 1111111816, 455.

- 18188188, 4553 11, 254.

’ - eilbertus, 11, 114.

-- Willelmue 68, 184, 190, 2393 11.
118, 11811811.

- 1188811111.

- 1818181681, 458.

- cristinae, 11, 203.

—- (1881118452.

1181118861, Ilugo 68, 81.

11118181, (1.318181311181888, 2923 11, 232,
233, 234.

-- 181188888233, 3233 11, 87, 93, ”

232, 303.

- 5888111811, 223.

-- 1118111, 11,, 111, 181.

1868181888, (1181181181) soh-una, 202.
301.

·- 9111111188ι,11,231..

1836381888811, Ilugo 68, 32, 34.

beyn, 68811881 cle, 811881, 359.

11118(11818,11118,)8888118811,312,313.

- 888188111111111181111,
323, 824, 833, 884,115,188,337.
341, 346, 347 3 11, 67, 31, 188, 170.
111, 111, 118, 1111111118.

- willelmum 343, 3473 11, 98. 209.
224.

 

