LOCORUM. 381

55, 55, 515, 515, 11, 55, 55, 55, 15,
97, 152.

1151115555555155155111551511115115,351,352,
555 ; 11, 51, 151. 555, 555.

-— 55515515 de, 47, 384; 11.‚ 53, 56,
55, 555.

8511555553, 15555515 de, 56, 58, 157,
155, 555.

1151551111-1511111,1555111551515 1151511, 231.

115185515151151, 15555115, 393, 395.

111555, 51115115, 251.

Sancti 515115555151155, 222, 290, 294,
555ς11, 515, 551.

-dimin 19, 5ο, 55 55, 55, 555,
316.

-55515515, 10, 58.

- episcopatus, 359,- 11.‚ 51.

- conventus 11515551 predicatorum, 11,
555551, 515.

Sancti 15155515 (1515551551511,11551155,
340.

8115115, 1511151551, 247.

851511555γυί5, burn 51, 248.

8. 115515 1155651555, 555115, 11.‚ 223,
226.

8511511 Ρ5151, 5555115515, 3801 11, 95, 96.

-hospitale, 11,, 555, 551, 555.

-55515515,380;11.,95,96.

8511115, 51511155 de, 25.

85155, (8155151, 8155515) 15555115, 17, 57,
240, 416; 11.‚ 1081411182.

8515555555, 43.

851511, (8151185515) 4, 5, ῖ, 8, 84,
116,117,· 11,, 126.

855515, 45, 74, 158, 159, 186.

855115, (regnum 855515) 894; 11.‚ 21, 195,
207, 208, 271, 272, 275, 276, 294, 306,
318.

8551155 ecelesia, 11, 5, 20.

8551115151511, 245.

senone, 15155115, 11.‚ 231.

8151115, 11.‚ 52, 270.

Slowy, 5511551111 5511515, 354.

-rnpen de, 354.

Smythin-hnlch, 15555115, 46.

85551151555155, 15515 05, 322.

81155, 51155115, 7, 12, 18, 45, 85, 930, 3511,
555, 555, 11.‚ 155.

Spyttalhills, 555115, 40, 432; 11. 2110.
283.

8151111550, 356.

8151115, 84.

81511511, 1555515 1151, 411.

stomin, 11.‚ 283.

8155115155, (8151115155.) 15555 de, 198,
109, 200.

81551551, 15515 (15, 55, 159, 189.

8155111515, 14.

8151151155, (8151551155) 8, 1711. 171, 290,
555, 555, 515, 11, 511.

- 55515515 collegiata de, 350.

- conventus 15515515 predicatorum 115,
11,³12,313.

8155551511, 15 111555581515011515. 354.

85511511, 83.

85111511, rivulus, 30.

8511151151, 84.

 

