846 INDEX

Innocentius pnpn, v111.‚ 318.

18188881), Thomna de, 38.

18888888 pnpn, xx11.,11., 130, 131, 157,
158.

- numerarius, 8, 8, 17.

- 8188181888888, 103, 182.

- 81188 8881888881, 11, 13; ΙΙ, 318.

·— 81188 11188181, 185.

- 81188 81188, 185, 218, 220.

- 81188 Ι18888, 185.

-- 81188 willelmi, 303.

- 11888888, 14.

-118888818 11811188, 225.

-- 81188 188881.

-- nnnnellnrinn, 15.

- 81188 11888181, 221 ; 11, 235.

- filim 1118888118, 81.

- filiun neberti, 185.

- 81188 8188188811, 88.

-81188888188 185, 287, 288, 288,
297.

- 81188 Fau-yn, 185.

-- 81188 Iohannis, 178 ; 11, 232.

-- 811118 Wdten, 298, 297.

18888818, 1111881888, 213.

- 1181111, 312.

- 1111181888, 273.

- Adam, 214.

1818888888, (188888, 1888888118188-
81888) dominun 88, 11, 200.

- 1118888181,811ο118888, 344.

-— 1111881188, 8818888888, 130, 238,
818, 811.

- 1111888881, 374.

- nonanus, 321.

-— 1111181888, 245.

188888818888, 18888888, 284.

1888, willelmus, 355, 332.

118818, (lmyne, Irwyn Irnwyne‚) 1111-
181888 52, 53.

-- Alexander, 88 11188, 81188, 138
142, 143, 178, 220, 221, 271, 234.
327, 334 3 IL, 152.

-18888888, 11, 254.

lma, (188,) defiens, 11, 81, 71.

18888188, ῙῙ, 155,158.

1181811888, (118188,118188818,) A„ 88, 13.
-— 88888 de, 20, 202 3 11, 288.
11818888, 81811818 88, 58.

11888111, &maran 88, 135.

11811, 81181118 88, 108, 118.

118118, (1188118) 1111181888, 340 3 11, 228.

-- 81181888, 248, 222, 11, 230.

- 1811881188, 347 1 11, 230.

-- 18888118, 421.

11818888281188, 104, 105.

-- 118118, 105.

11888888 81188 kappus, 73.

11888811), sonum, ³³93 11, 188.

—- 8881888 345 3 11, 231.

118188, 81188, 185.

11818888, Synnade, 100, 143, 175.

11818, (118818, 111188, 1181118888
medius, unbertus, 1ο, 11, 18, 18.
84, 693 11., 152.

- 88818888888811882111181888, 80,
88181, 181, 81188181, 188, 118
188, 118, 118.

-- 211888818818818881181181818,327.

-- 1818 81, 248.

 

