002 INDEX

Berkelay‚ J 55515, 11, 202.
0555505511, 129, 155,150.
0551155555, lohannes, 204.

0555155, (05555515) 05055155 05, 54, 100,
555, 555.

- lohannes 05, 11, 200.

05555, laurencius 05, 299.

05555, (0)·5551, 050115, 055551, 015551,
0555515, 0555511, ογ5551,) J ohannes,
555, 555, 55, 555, 555.

- Alexander, 11, 000.

-— 1051155555, 11, 200, 271.

—- 1150551155, 202, 250, 250.

- Agnes, 424.

’ - 051555505555351515155, 177.

- Georgo, 097.

—- Thomas, 101, 100.

- Andrean, 001, 002, 004 3 11, 220.

- willelmus, 17, 57, 005, 000 ; 11, 90.

- 1115515155, 017.

051555, Thomu, 270.
05505155, 05155555, 210.
lllnbyr, 05510, 209.
0155115515, 1011151555, 000.
01515, 05555555, 11, 01.
- 05055555, 004.

- lacobus, 11, 210.
0151515511, 1011151555 05, 201 ; 11, 200.
-- 1151555555 05, 210.
- J 51555555 05, 220, 207.

0151555555, (0155555155) 105155555 05, 07.

-- 11551551ιο5, 110.
015550, 051555, 11, 100. .

0155555, (0555555) Gregorius, 50, 54,

01, 09.
’ 0155055112055555, 254, 255, 200.

01550550, Alexander, 255, 204, 202, 295.
002, 310, 11, 297.

- 05115555, 004.

- 1011151555, 270, 004 ; 11, 200.

-115155515529000101ος 11, 205, 200.

1155551115, lohannes 05, (mileu) 07, 75,
55, 555.

0550, 101115155ωο5, 11, 200.

055555,(055555,)’1’1555555, 71 ,11, 270.

- 1001515555, 205.

0555155115, (0551155555)οο551555 1011151-
mus, 160, 204, 205, 205.

05555, 1011151555 05, 11, 272.

05115111, J 51555555, 11, 100.

05055511, 555555 05, Patricius, 024, 040;
11, 000.

-01555055 05, 72, 11, 50.

05555555, 5105 0155555.

05)·15, 1155551555, 11, 101, 150.

Boykyn, 11555115, 150.

Boyle, (05)·1) 1151555155, 00, 142, 140,
555, 555, 555, 555.

05)·5, (0555155, Boetius.) 115155, Hector.
342, 304.

- 1011151555, 11, 07.

- 41551555, 007 3 11, 97. 90, 255.

055, (15001055 05, 200.

05515555, Gallim 001.

- 1505555, 11, 220.

055115, 1555155, 044.

05515551510111515555, 207, 200, 200, 207,
012.

- 1151555155, 290.

 

