341 INDEX

lluckyulevyu christiam 11, 101.

llulyburtou, Rolertuu, 11, 030.

111111111111,(1111111111111,) dominu 11-
111111, 000.

- 1111111111, 4171 ΙῙ, 017, 319.

11111111, Alexander 11, 310.

11111111, walterus, 305, 310.

-- willelmus, 070.

namur, 11111111, 11, 00.

1111111111, Thomu, 11, 005, 000.

11111, (11111) willelmus 11, constabulu-
1111, 11, 11, 171, 111.

- 11111111, 303, 45ος 11, 055.

- willelmus, 111111, 040.

-111111111111, 1101111111111, 337.

- 0111111111 11, constabularius, 44, 45,
411.

-11111111111, 1111111111110, 353.

- eilbertus, 11 11118111, 331.

-- 1111111111, 11 1111101111τί1, 110,
0111.

-Τ1111111,11Τ11111311.

-·- Thomu, 11 Umhny, 50, 117.

-- 1111111111, 350, 304, 400, 430, 450,
15ος 11, 010, 000, 310, 303.

- 111111111, 008.

- 0111111111, 300, 300, 301, 300, 450 ;
11, 055.

—- 1111111111, capellanus, 353.

-- 1111111, 50.

- 1111111111, 11, 300,

- 1111111111, 11, 000.

- 0111111111, 410.

-11111111111, 11, 000, 013, 0011.

11111111, 0111111111 11111111, 005.

11111111, 11111111, 000.

1111111. 11111111, 10.

11111111, 40.

1111111111, 1111111111, 110.

111111, Thomu, 11, 304.

1111111111, sir 11111, 440.

- william, 453.

- Ferguuiuu, 11, 000.

11111111, 1111111111, 000, 001, 001, 315;
11, 000.

- 1111111111, 310.

·-- 01111111 355, 300.

-- 11111111, 340.

111111111111111111111, 73.

- 1113111, 11, 111, 111.

- 1111011111, 001, 080, 000.

Η111γ11111111111 030, 3011300.

—- 11111111, 300, 301.

1111111111, 141111, 11 0111311, 350, 353.
354.

1111111111, 1111111111, 000.

1111111, (1111)·1)111111111, 50, 00.

1111111, 1111111111, 010, 004, 043, 050.
111,111;11,11,11 111, 111, 111.
. 011.

- 1111111111, 000 ; 11, 00, 151.

—- 111111, 11, 007.

-— 11111111, 11, 303.

Ilugo, 1111101111 regis 14, 00.

111111111111111111 300.

Honorius 11111 11, 3, 050, 000.

1111011111, 011111, 0, 10, 11, 01, 34, 51 3
11, 000, 013.

- 01111111, 11

-0111111111, [colim] 111 11, 015.

1111011111, [epioe. 01111111] 11, 130
llum, 11111111 005, 000.

nomm, (11111111, Hom) 1111111·
111 000, 004 3 11, 300.

 

