370 'INDEX

Brynnes-Bischop, 444414 41, 247; 11., 123.
-- burn 41, 243.

3441444411, 174.

- 4444114144 04, 242.

- 0444441444 04, 357 3 ΙΙ, 52, 53.
- 1444404, 32, 33, 47.

-- 44444 burgus 14, ΙΙ, 270.
3444344014, regnum, 11„ 304.

3444441444, 354.

04146444, 44414114 04, 11.‚ 151.
Campus justicie, 11„ 273.
0444414111, 245.

0444044, (04444) 44414, 243, 250.
04444, burn 41, 243.
0440404444, 357.

0444114144, 14444 04, 303.

0414444414Ιά4, 43.
044444441444, 1444404, 134, 135.

044441411, (0444414414) 43.
0444414404, 11.
0444144447, (04444144) 53, 353.

044141141041444404, 55, 53.

0441141444, 357.

041144444414 episcop-nus, 11„ 51.

0446444141, 334

01444144, 14, 71.

0144444444, 11, 06.

0144144114, 303.

0141411114, 14444 04, 331 3 11.. 213, 225.

0141, (014114,)11., 33, 107, 132, 153, 215,
221, 252, 254.

-44414414 de, 4, 4, 4, 4, 44 ; 11, 14,
54, 55, 33, 71.

-444441414,41,444,-144.

Ι(1141, schinne, 213, 243, 360, 3334 11,

126.
- 41114 04, 370, 373.
- 14444414 41, 330.
- 1141414444 41, 433, 447, 443, 443.
- molendinum 04, 223, 233.
0147144144, 377.
0144144441, 44.
0144444444, 44414414 04, 11, 313.
0144144041, 44.
0144144, 113, 114.
01444, (01444) 04 34444, 12, 376.
- mter, 370, 422. 423.
-- menter, 373.
-- 111111, 251.
—- 44141414, 251.
- 4410, 423.
01444114, 4441441404, 3, 23, 102, 103, 3114,

’ 14.,44,-44,4444,44,444, 444.

- monasterinm 04, 3, 35.

--· 41444414 04, 5.

- 1411404135, 251, 363. 433.

01444, 11, 52.

0144144, (clm) 14444 04, 43, 135,
141, 230.

—- molendinum de, 445, 443.

0444141464, 144404, 30.

0441143144, 14444 04, 25.

044414, 30.

0444111444, 30.

coebum, 41441404, 116, 1113.

condilum, 4144ὴο4, 170, 133,

comme. (41144 manne.) 11.
44, 44. 44, 44, 41, 44, 44, mn, 444
255.

041411, lupi· 04, 31.

 

