300 INDEX

8114111114110111, 11, 135.

8111111, (ailbertus, 281.

8114110, (8111411) 141101, ol 1141 Illa, 245,
266.

- Alexander, 260.

- 1400111411, 324.

--“ 1101101111, 212.

- 3111411114 11, 324.

-— 10010104, 11, 182.

814144, 0111411111οο, miles, 12, 14.

811411101111101, 282.

8111411, 10111101, 304, 340, 341, 3441 11,,
229.

8111111, lohannes, 313.

- 11011014, 303.

-η- Willelmua, 363, 305, 313.

- 111110110431041, 303.

- 1101011111, 11, 224.

80110144,10141141, 11, 283, 234.

8011411411, 00111004, willelmus, 205.

som, 10141141, 304.

Spaldyn, 10141141, 37.

- Patricius, 211.

804104184414) 101101, 245, 2541 11,,
312, 313.

80111411, (81111411) 1110141001, 334, 400,
111;11,111,111,111,111.

sprot, 1101411111, 254.

80141441, nonu, 11,, 233.

8010111011, 1011411144, 134 ; 11, 233.

- 11411011, 151.

84141410141144, 72, 421.

- 111441, 11,,111, 111.

Spyay, (8141414) 3011141111 04142, 143,
104, 160, 172, 113, 177, 162, 166,
m.

squar‚ (8111184114) willelmus, 223 ;
11,, 135, 261, 218.

81411414, 1011411141, 327, 323.

814114, 31011411, 302, 303.

Stephanus, 041011411, 15. ’

- 14144041114,11., 212.

- 014114111103.

—· 111431414411, 260.

8141111, lohannes, 305, 300.

8141114011, (844411401,).1011111141, 203.

- 1114441041, 11,, 113.

sumn, (811411, 81414410, 841410, 8141-
ardua) 1101441, 04 Portam, 225.

- walterus, 221, 230, 423 3 11, 08.

- 1014111144 455, 4501 11,, 03, 313.

- 14001114, 252, 203.

- 1111411411, 11, 111.

- 2101144424.

- Alea, ma 04 1041, 41114 1141.

-- Thomu, 001144 04 (14141441, ride
(14111401.

-- J 01411141 001144 04 1141, alde 1141.

814111, 111οο4114 00, 08.

8114101414, 1014414404, 303.

8114111011, 1110141114 04, 01, 03, 12.

81141001, (8114114111 0011111114 04, 11, 216.
226.

- 1111041141 301, 305, 312313, 311.
3231 11, 362.

811404, 31011144 114, 03.

8041141140, 1111111401.

8041141141, R 01, 11, 271.
8041144111, (8144144141, stramina

8040401104, 81004411414, 8114441144,
80041141, 8111011114) 11. 04, 103.
-- 1110144114 da 11, 223.

 

