LOCORUM. 375

wmfflmmmmmfflm
wfflmwmassfflfflm

220.

“ (1311133111, 3333113 8311313 11311313 13,
167, 118, 139, 222, 260.

(1313313344.

Geytbyu, rivulus de, 26.

(1113111131, 333113, 360.

(1331313113, 247, 248.

Glak, 11111 de, 33, 133, 313, 311, 331,
mmmmmm

— 1111313, 11, 213.

(11333331, 131131, 357. »

·- minor, ³57·

-— forest, 11., 231.

(1133833331333133333133, 11, 51.

(1133333811, 370, 403, 416.

(1133331, 11., 274.

(11333333, 375.

(1133113133, 1131331313, 207.

(1133333131, 308, 306. .

(1133331, 373.

(1133333381333, (613331333331333) 155,
111, 111.

(1133311333 rivulus, 44.

(1133133311, 1133331313 13, 55, 73, 160.

0133133311, 363.

(113313 1113133, 44.

(13311113 tem, 422, 450.

(13313, ((1331, Goyl, Gouyle,) 4, 5, 7, 8,
31111, 133.

(11311133, 56, 160.

1131111131, 11131111, 11, 274.
11313133, (1111111333) 215, 219.

1131131311331, 373, vide Amtuly 11311.

Η311331133248.

11331311,’1311313,114,120. ·

1131ουί31111, (1131331311γῦ3 254, 255 3
11,201. v

Η31111111, tem 13, 32, 94, 212.

111113311133113, 445, 446.

111111111,11,131. ’

Η3331111, crofta, 366.

Η3311311133, 3331331313, 11, 33.
1131131331, 44.

Inchemnbnyn, (Inehmabany‚) 33313313 13,
24.

- vill· 13, 24. ’

- 1333131331133,(133313131333,) 33313313

13, 11, 40, 107, 252.

1333131313, 200.

1333133111, 246.

1333133131, (1113311113, Ε31ο31γο,)33313313
de, 31, 111311.

—- 1111111, 11, 333, 313, 313, 331,
223, 225.

- 1111111, 331, 333, 331, 335, 3113,
207, 306, 311 ; 11, 275.

Inverugy, 11, 52, 56,

1333311313, 13113 de, 343, 350.

1333331133310313331311, 243.

1333313333, 243. ’

131313 11, 53, 55.

1313113313, 3331331313, 22.

- 3111331313, 22. ”

1313131333311331356,131. ¹

1333133331,(Ι33313331113, 1333133313, 13-
33133111313331333311133 ecclesi· 1382,

 

