, NOMINUM.

(10οῬ111, 1101101101, ll, 151.
01111110, lacobus 11101110, 54.
Culquhoune, 10101101, 234.
(1111011011, 1110001001, 11., 133.
Cunyngbureh, 7110011110, 11., 275.
311010, ubba de, 1110011111, 13.
- 13110110, Alanus, 42, 43.

——ss 1111111 de, 11., 33, 108, 153.
0010011101), 1101100001 de, 214.

0011001, lohannes, 11, 223.

-- lacobus, 11., 324.

011111, (011111, (111111)Ἢ1101111,287, 288,

101, 1010111111.
0111011011110110111 11, 151.
Cusing, 0110011111, 11., 224.
0011101101, 111010011111110 1101111101,
211, 223.

Dulloquhy, (Duloquhy,) 11100101, 11., 323.

1111111111, 1111101111οι, 255.

- 1110101101, 11., 233.

1111011001, Alexander de, 173.

—- lohannes 10, 11., 31.

1111100, (1101101111,)’1’110111011010235233.

-- willelmus, 11., 283.

-- 11011111110,11., 234.

Duil Rex, 137, 27ος 11, 37, 133, 143,
132, 247, 303.

- Ρι111101,3,4,8,3,12,353,353; 11.,
111, 111, 111, 111.

-- 8011111101, 50, 33, 70, 72, 73, 71, 73,
13, 33, 9031, 35, 33, 03, 100 3 11., 122,
1111110111. ,

- 000101, (111101 regi· W..) 3, 13, 14.

- eomes, 1³3 11., 277.

301.. 11.

211

111111, 11110111111101,11., 233.

-- 1101111110, 11., 235.

-11111111011111010, 287, 288, 233.

-1111111 1101011111, 54.

-1111111 1110111111, 135.

11011111, 1101111282. ι

11011001, (1101111011) Thomas 110 11010011,
242. ’

- 1100001101, 372.

- 11111110, 443.

-- lohannes, 232, 428, 434; 11. 210.

- Alexander, 443.

Dete, (111010, 11011) 11100111, 11., 33108.

- 1111101 10, J 01011001, 37.

- 010110101101 10, 11., 75, 32, 133.

—- 1111011011141.

11011. J ohannes de, 135.

1101111, ,lohannes de, 340, 341, 344 ; 11..
229.

Dereby. Stephanus de, 13.

- 30301111 10, 13.

11011110, 1011110111 1011101101, 234.

1111110110, 2110011354.

Disehintoun, (111101110ωο11.) David, 337,
alu 11., 111110111.

0011181001, 315, 111, 111, 111, 011,
328, 323, 332, 333, 3341 11., 215, 223,
233, 300, 301, 302.

1101001, 1100010111, 373, 377·

-10101101377,

- 0001000110101, 377.

1100111, willelmus, 3213 11., 131.

- Andreas, 303.

- 1011011001, 383.

1100111100, Thomu, 218.

- 11111οΙ100011.. 137.

 

