LOGORUM. 373

001111, (Dum) 247, 203.

11101γο10011 11111,(Ι)11110101011101111,) 241,
207, 303, 387, 410.

Dys, (00,)1111100 00, 43.

-- 10110 00, 321.

8000000111, IL, 135.

8001100101, (1010100101, 1000101110) 10110
mmmm ’

8110010111, 00 Brun, 12.

1111001000100111000001110 IL, 51.

8001100011, (8000110001) IL, 213, 226.

, mwmwmh

1111001000, 377.

110111, IL, 54, 50.

8010101811, (110ἰο101311) 4, 0, 18, 48,
lffimmmmmmm
205, 291, 308, 320, 321, 323, 324,
mmmmmmm
083, 301, 400, 400, 407, 4091 IL,
248, 310, 318.

8010110100, 101100 01, 250.

8010110010, 399.

1131100001011001110110, IL, 205.

8111000110) 272, 353.

-- 0000010 00, 00.

1111011100, 208.

011011, (1111000, 1110110) IL, 135, 252,
m'

— 01000101110110000 de, 120, 121,180,
181.

- 01011, 444. ,

-wwwmmmm
247, 3801 IL, 52, 50, 80, 71, 94, 95,
mmmm

— 000101, 1781 98.

- 00100110 00, 11, 220.

-- 10110 00, 0, 7, 58, 851 IL, 120,
205.

slahins, 10110, 331.

11000011, (1100001111, 1100000111) 00 Bru,
12, 375, 422.

1101011011] 101111, 11, 290, 291.

Ray, tem de, 111.

8001010111, (8001101010) 10110 00, 247,
mwmn

80101, IL, 07.
8011010110, 51.
801110, 10110 00, 178.
8001111110, 88.

8011010011, 307.

8010101110,(801111011)110,) 55, 57, 138,
memmmm

,mmmmwm

Femoehty, IL, 200.

8011010011, (8011010011, 8011010010, 801-
mmmmmfflw.

— 00010010 00, 71 11, 52.

-— 1010010 00, 15, 18, 307.

—- 10000013181 IL, 320.

-- 01000110 00, 307.

- 11010010 00, 11, 321.

- 01111001, 447, 4511 IL, 321.

raythu, 1011000, 11, 151, 201.

- 1110 00, IL, 220.

8111 10 000 01011, 4321 IL, 212, 213.

81110οο0, (8111000) 252, 2831 11, 231.

8100001010, 229.

8101100110, 4581 IL, 217, 249, 280.Ι

 

