962 INDEX

Τ11333333, 1333333133, 238.

-— 1711131333, 343, 344, 4335 11,, 114,
223.

- 1133313133, 326.

- David, 11,, 113.

7133133333, willelmus, 165.

Tinetor, 7133331133, 11, 312, 313.

Tol, Symou, 11., 273.

7313313, walterus de, 11⁷.

Τ3333, 1333333, 11, 224.

Τ33313333131333333, 11,, 232.

Tul, (133113, 733313) lohannes, 284 ;
11, 332.

—- Alexander, 334 3 11, 143, 142.

- Thomu, 211, 293,· 11,, 53, 203,
211, 292, 333, 333.

- David, 299, 291.

73333, (13311333 33, 11., 131, 158.

2333333, amelina 33, 153.

7331333331, 13131331 33, 136.

Tulgo'no, (1111333133 33, 133.

7311333333, cristinus, 332.

1313333333, prebendarius 33, 11.. 133.
333, 1¹11.

731333313313333333 11313311 33, 232.

Tuloch, (Τ31313,)131133333, 172, 233.

- Thomu, 217.

731333313133333 33, 232, 284, 233,
299, 333.

- willelmus de, 232, 214, 2153 11,,
152, 232.

- Audin! 33, 214, 215, 338.

7333313, Thomu, 233.

7333333, eandm. 31333 372.

-. solnm, 372.
- 13133333, junior, 372.

Turyne, (733133) willelmus de, 135, 453.

·,·- Andm, 2⁰2·

73331, 13133333, 326.

Tyninghme, (0333333333, Thelyng-
hung) 33333 33, 124.

-- ’13333 33, 182, 199, 199, 199.
199, 19⁵, 209, 211, 219, 224, 299.
2913 11, 333, 333, 125, 199, 192, 1119.
163.

11333333 17, papa, 283.

- V, pq», 11, 57, 53.

- 713333, 113.

1133313333, lohannes, 11,, 93, 123.

7313333, (7313333,)131133333, 371.

. -· Danum 373.

-- Duil, 317.

- Babulus, 11,291.

7313313333, 11, 128.

7311333,131333333, 233.

- Thou, 323.

7311331, solnm 235, 237.

vallibus, 1313333333 33, 17 3 11, 238.

7333 (Vm, Wm) Rieudus 33, 213.
333, 291, 219, 299, 919, 942, 11, 299.

-- 313333, 333, 333, 921, 333.
348 3 11, 31, 223, 224.

-131333333 33, 222, 2411, 245, 314.
321 ; 11,, 218.

- uillam 219, 221, 211, 922, 929 ;
11, 233.

- Hemina, 254.

- 33333133, 343.

 

