378 INDEX

1133033311 of, 345.

- 5333113333 de, 357 ; IL, 53, 55.

naalma, 333.

5133333311, 373.

5131331133, 347.

1533553333 tem, 353.

113131, rivulus 53, 113, 114.

1131333 conventus 53, 10.

- in Banff, tem de, 11, 331, 333.

1533333 3133333133333 53, 337.

113333133333333, 335.

11311133, 133, 137.

5135533311, (Methlnyk, 11311133) 331,
417 ; IL, 134.

- ecolesinae, 112, 11³‚114; 11, 33,
3333333..

-mmwmwmmm
mmm

3115111333, 373.

1513133333, IL, 53.

1513333311, (Meg-mma) 53 113333, 13,
373.

15133311, 11., 53, 55.

1533333113, 453.

Mongerry, 343, 433.

1133133331, (1533331133) tem 53, 55,
57 . 100, 353.

- 3333113 53, 11., 43.

1433335331, 11., 374.

Montius IL, 37.

1133333333, 53, 171, 337, 303, 353,
m, IL, 53, 55, 35, 71, 34, 37, 33,
107, 153, 353, 355, 334, 333.

—- 1333311313, dvo 51153153, 11., 334.

1333, mm, 333.

1333533313 5133333, 43, 353.

1133νί33313 episcopatus, 11, 51.

Morchory, 11, 374.

113313, apello 53, 11., 33, 103.

—- tetrade, 333, 333, 31ος 11., 37.

Μ33111313311, (1533151331, 5101111151.
1533311133, 1533310313) baroni· de,
450.

- 33313313 53, 3, 351, 3733 11., 40,
333ωηηωω,
305.

—mmemm
lmwmmmu .

— ωο333133133353,·3, 35. ,
- [3353353 53, 333 3 IL, 75, 34, 33,

300.

- 33533 3313333411· apud, 11, 135.

- 1313353135, 333, 350, 351 ; 11..
135.

- 3333313353, 11.. 343.

-- 3111353, 0, 35, 350.

Home, myIn 31, 437.

Μ3331131133333, IL, 305.

513135330533333) IL, 53.

-- 3533331313 53, 53, 53, 131.

5133533331), (Mundum, 113353333313)
75, 343, 344, 2993 IL, 304.

- 13111, IL, 317.

11331393, 3.

11333335-(133)·1, 34.

Marma, (333333) Lm 341, 333,
mefflfflfflmm·

1533135, 5.

15033015, hinnit 53, 3, 144, 145, 145,
133, 184, 305, 303, 334, 313, 33ος
11., 133.

Muthul, 1333 53, 133.

 

