LOGORUM.

99199911, Iapis 99, 31.

99199999, 999999 91, 249.

9911199999, 19999 99, 241.

9919919919, 99 99999, 19999 99, 12, 309,
379.

9919919999, 19999 99, 374.

1191991999, 0999919 99, 351.

9919919999, tem 99, 2933 IL, 231.

99999999, (9999919991) IL, 94, 99, 99,
99,107,135.

- -999999, 9991991999, 7, 95, 379 3 II,
ffimmmnmmL

— -wnda, 9, 99, 99, 99, 999,
mmm

- -oemy, 99919919 99, 22, 24, 327 3 11,
aa s

mmwmmmmw
mna

-fflssmmmma

— 99919919 99, 22 3 11, 53, 59.

- vicecomitatu· de, 4, 7, 9, 9, 12, 17,
9999999999
90, 91, 92, 99, 157, 159, 190, 197,
200, 215, 222, 250, 299, 349, IL,
149, 292, 297, 309.

9999919999, IL, 199.

1199919999, (9919919919) 19999, 429, 432.

9999191999, 357.

9911999, 339. Ι .

99119999, 1999999, 431. .

99119199, IL, 274.

9919999199, 259.

9199199999, 1999919 99, 291.

9191999999919, 377.

919919999, tem 99, 111, 174.

91911991, 910999, 297.

999. 11. 9 A

, mmmmm.

919919 tem, IL, 299.

9199999999919, 59, 351.
Bogyschelloeht, 19999 91, 451.
999199199, 377.

991919911437, 447.

nolgy, 249, 394,

9999993199, 19999 99, 29.

99199199, 99919919 99, 221 IL, 53, 56.
99919919, 399.

&mma

11999191999999, 1973 11, 53, 55.
— 7199111919 19, 199.
9999(9999,)119999ςί999 99, 59, 59, 73.

&Imma 99, 19, 99, 99.

-1999919 99, 219 3 IL, 149.

9999193, 375.

9999199919, 370.

9991999911, 11, 229.

9999999, 359.

9991919999, IL, 391.

99999, (91999) 99919919 99, 9, 95, 371 3 11..
999

- mnae, 99, 19, 999999, 999, 11..
152.

-19999919 99, 12, 15, 977, 379.

99999199, 371.

9999999919, 371.

9999199991, eon 91, 247.

Μῃ9999

99991μ9991999199999199, IL, 51.

99999, 1999999 99, 299. ¹

9999999999, tande, 115, 999, 999.

9999999 (999999, 9999999,)1999999, 99,
195, 199, 419.

 

