318 INDEX

Fyle, Alexander, 11., 363.

11111111, lohannes 61, 53, 68 1 11, 61.

- 1111111111.

1111111111, (11111111) 1111111111 6111111111
61, 73.

- 8111161161, 73.

llyvy, prior de, 11, 156.

81161111, 1111111111, 818.

8111111111, ,111181 61, 78.

- lohannes, 11, 316.

8111116111 capellanus, 181 11., 866, 316.

- 111116111111111, 871 11, 878.

8111111111, Alexander, 178, 851, 387, 888,
lmmummfflwwn
4881 11., 118, 118, 1811181188, 187,
Μμηω1ωΛηη1Μ,
1ηῃω111

-- 11111111887, 397, 4861 11, 855,

- willelmus, 4361 11, 811, 888.

8111, 1111111111, 868.

811111111 apellenus, 11.

8111111, 1111116111, 318.

8116111, ’1111111 61, 816.

-- 11111111, 11., 383.

- 1111111, 688.

811111111116111161, 86, 36.

81111111, 11111111 61, 11., 873.

emisch, (61111111, 8111111111) eomes
61, Ι6111111811111, 11., 148.

..... 1111111111 61, 11., 168.

-611111111 61, Andrus, 34, 86, ⁴7,
118.

.-. 6111111161, 111111111, 848.

-- 61111111 de, 1111111, 43, 44.

81111111, 6111111111, 11111111, 886.
8161111111, (1161111111) 1111111 61, et eon·

ventus, 11, 888.
-- 11111 61, 1111111111 Alani, 851.

81111111811111, 54, 78.

8111311, nobem, 368.

81111111, willelmus, 164, 166.

Gwffimmmmaeumm

81111111, 111111111383.

- 1111111111, 11., 388.

8161161, (81111161) 1161111816, 886.
1111111

- Willelmm, 883, 361.

86111111111111, 16.

- magister, 11, 868.

- filius (lezelini, 181 11, 316.

-- 1111111111, 15.

- senescallus de 11111116, 11., 863.

8111111111,(81111111,)1111111111,883, 866, 366.

-1ο111111 11, 866.

8111111111] 011111, 53.

8111111, nobem 865.

8111111111, 1111111111 867.

. -- 1111111111368.

- 1111111111, 368.

81111, Gemens de, 11, 866.

81111, ,4111111 tle, 135.

1111111111, 61111111 111, petricius, 886.
-61111111 61, 1111111111, 884.
alugensi· 1111111111 11, 188, 133
- episeopus 1, 16.

- 1111111111 1111111111 18.

- epiecopus 11111111, 48.

-- episeopus 1111111111, 8881 11., 868
- episcopm 1161111, 861.

- 1111111111 nomn 8881 11., 366.

 

