353 INDEX

11000011ιο00, Andreas, 293.

- 10100000, 333, 339 ; 11, 230.

- Alexander, IL 295.

11000011, (1100001) 1100000, 104.

- noberta, 27.

-— 11000000, 41.

-— 110010, 41.

-- Alexander, 300.

- 10100000, 342.

11011000, 1711100000 00, 201.

By, 1100000000, ΙΙ., 279.

11001000, David. 344.

110000, 11000000, 235, 244, 252, 254,
255, 203, 270, 2775 11, 03, 70, 127,
ιπωωωωηωω,
lmwmfflMQQw,
211.

-- Alexander, IL, 319.

- 7111101000οο, 72.

11000, 00000000 00, 54.

-- Iohannes, 73.

8010100, 7100100000, 40, 47, 53, 54, 04.

8011000, 00001000 00, 410.

80100000, 3000000000, 355.

Smne, 701000, IL, 153.

80001010, 10100000, 351.

8000100,100010, ΙΙ, 293.

8000101000, 70010100 00, 202.

sommare-311, 300.

300010 01000, (81. (11010, 8101100.) 810 'Ibo-
0000, 100, 107, 201, 209, 270.

—- 1110001030, 100, 107.

-- 7111101000 00, 11, 273.

-. 10100000, IL, 273

800010 000010, 01100, 11, 233.
- 01100, 71, 13.
saneti Andree episeopus, willelmus, 45,

mmmmmfflmma

-— 00100000, 1000100, 205, 294.

- episeopus, 710110οα0, 177, 203 3 11..
233.

- episeopus, Patricius, 291.

—- 0000000010οω 7000000, 359.

—- 0010000000, 1101000100, 11, 235.

- episcopm, 38³3 IL, 5, 122, 152,
mmm

— 000110010000001000100 000 110110,
11, 300.

- prior, 10100000, 324 3 11, 300,
311. ’

- pn‘or, 7100000, ΙΙ., 200.

- 000100, 1711101000, 71.

800011 10100010, 00001000 7111100000, 324.

800010 11ίο10010, 110001000 00, 33, 39, 40,
53, 54, 00, 02, 03, 04, 09, 79, 00.

- 10100000 00, 135.

-— 11001010 00, 134.

800010 7101000, 1100010, 11, 132.

8000000010, 70010100, 109.

- Iacobus 133.

80010100, 1000100, 273.

mmmmmmm

80010010100000, 172, 173.

801000, 7111101000, 105.

8010000, waldum 242, 292, 233 ; 11,
202, 297.

-- 10100000, IL, 235.

- 00000000, 292, 313,330,331, 332,
333, 335, 300, 337, 338, 339, 341302,
343, 344, 345, 340, 313, 349; 11..

 

