LOCORUM. 367

156, 157, 161, 162, 166, 170, 174,
mmmmmmm
mmmmmmm
mmmmmmm
mmmemmz
fmmmmmfflwmm
mmmmmm

Aberdon 00010016 cathedralis de, (00160-
6Μ666666666
mmmmmmm
mewmmm
ιωηωηωῃωωῌηπς
ΜΜΜΜΜΜΜ
267, 275, 279, 280, 281, 291, 000,
001, 002, 006, 010, 012, 010, 020,
021, 024, 000, 004, 006, 007, 008,
mmmmmmm
052, 058, 082, 084, 090, 095, 407,
6646,6646,66664η,
46ω66ῃηωωω,
ωηηηηπηηω
mmmmmmm
mmmmmmm
197, 206, 207, 209, 212, 214, 215,
mmmmmmm
mmm

- episcopatus de, 24, 47, 48, 84, 242,
mem

- oppidum 60, 11., 211, 220, 224, 227,
249.

- pal-cium do, 610, ase, ³89.

- sehin 60, 360.

- 1066616660, 11.,,254

-- universim 60, 044, 046, 381, 406,
426 3 11., 190, 207, 201, 205, 004, 018.

66006060ηεί0 001611, 108.

6600106600, thanagium de, 55, 58, 73.
mmm

Abredouyr, (Aberdower‚) 11., 53, 56, 66,
76666666661

6069660606οο vadum, 44.

Achymterman 006666, 44.

606166016μο vadum, 43, 44.

6061606616, (6066660666, 6066606016)
mmmmem
1803 11., 66, 95, 96, 1011.

Achinsoight, 00.

6061610006, tem de, 209.

Adam, 06006, 066.

66066, 11., 52, 55.

6060660600, 420.

6160060006, 16006 60, 000.

6161601060, bray of, 246.

6166066γο 077.

61606, baronia 60, 122, 123, 124. 126.
mmmm

616060610016666160, 40.

616011, 41, 42ς 11., 53, 50, 00. 66. ut.
108.

Anderson, 060110, 066.

66301000, emm, 301 3 11., 225.

66366066, 005, 047, 11., 225.

66360, 11., 105, 207, 272, 004.

66101οψ, 11., 196, 206, 240, 250. ’

6666016, (666616ογ111, 6660666016, 66-
6006101600, 6661666016) ecclesia 60,
22.

- monasterium 60, 19, 20, 327, 328 ;
11., 266.

606006, burn 01. 247.

 

