353 INDEX

1111111111, Philippus 11, 34, 37, 153.

- 131111111ωά134, 53, 54, 37, 33,
111, 111, 111; 11, 111.

- Thomu, 33, 335 3 11,, 334.

- Georgius, 11 3111111111, 431.

- Patricius, 373, 374.

1111111111111111111, 11, 153.

-- 111111111111111111111, 10.

- 1111111, Adam, 11, 334.

11111111,(1111111111,)111111ρ1ιι111,54111,
113.

11111111, (1111111111) 1111111111, 1111111111
comen 11 1111131 Fyle.

— 11111111, 11111111145, 157.

- willelmus, 11 111111, 353.

11111111, 131111111 11, 11 311111111111,
113,113, 114.

- 1111111111 11, 113.

flemis (11111131 Menan, Manain.)
1111111111, 333, 333, 314, 333, 3371
11,, 313, 317.

- 111111333314111, 100.

- 111111, 337.

-— (1111111111, 313, 333, 331, 335, 334,
mmmmmmm
4541 11, 313, 335, 333, 337.

- 11111113131111111, 447.

..- Andrus 354, 335. 333, 373,
335.

1111111,(1111111,) 1111111111 133.

- 1111111111, 37.

.... 11111111, 313.

- 1111111111, 343, 353.

111111111,1)111111111, 11, 373.

1111111111, 1131111111, 371.

1111111111 . . . ., 37, 333.

· 1111111111, 1311111111, 331.

- magister, 11,, 333.

1111111111, 31111111115111.

- Andrus, 333.

-- 1111111111, 11,, 319.

111111, (1111111133111111111111, 177, 333,
305.

- 1111111111, 333.

—- 1111111111, 11,, 335.

11111111, (11111111) walum 134.

- willelmus 333, 333, 344, 351,
353 3 11, 333.

1111111111, 3111111111 11, 14.

1111111111, liugn 11, 135.

—- lohannes 11, 133.

1111111111,11111111111111, 3331 11, 331.

1111111111, Alexander, 313, 351, 337. 310 ;
ll. 333.

1111111111, 11111111, 333.

1111111111, (1111111111, Momm>
michael 11, 33.

- 5111111111 11, miles, 11, 333.

- 1111111111, 333.

- 1111111111, 11, 383.

- Elisabeth de, 11,, 333.

- prebendarius 111, 11, 33, 133,
170.

- 1111111 11, 11, 334.

-—- 31111111, 11111111 11, 11.. 333.

- 11111111, 1111111111 11, 11, 333.

1111111111, willelmus, 334.

noum, Yne 11, 335.

Monte, 1311111111 11, 11,133, 131, 157,
153.

1111111111, 1111111111 11, 11., 53.

mungumerie, 11111111 Aleum, 330.

 

